"interval","http","mbit"
0,477149,3.82
1,585818,4.69
2,690482,5.52
3,618342,4.95
4,602784,4.82
5,622828,4.98
6,635463,5.08
7,620359,4.96
8,615040,4.92
9,627289,5.02
10,616447,4.93
11,626987,5.02
12,678914,5.43
13,596721,4.77
14,601286,4.81
15,633414,5.07
16,637257,5.1
17,602352,4.82
18,584081,4.67
19,626966,5.02
20,619712,4.96
21,659235,5.27
22,618607,4.95
23,722522,5.78
24,637442,5.1
25,643411,5.15
26,633140,5.07
27,635365,5.08
28,631752,5.05
29,638957,5.11
30,632433,5.06
31,636839,5.09
32,618344,4.95
33,608976,4.87
34,615053,4.92
35,605999,4.85
36,644774,5.16
37,555702,4.45
38,621617,4.97
39,617469,4.94
40,627532,5.02
41,629484,5.04
42,612630,4.9
43,597993,4.78
44,611562,4.89
45,599746,4.8
46,592581,4.74
47,623756,4.99
48,599891,4.8
49,612496,4.9
50,601402,4.81
51,611172,4.89
52,617064,4.94
53,587185,4.7
54,613177,4.91
55,669954,5.36
56,639189,5.11
57,633893,5.07
58,654663,5.24
59,580940,4.65
60,559291,4.47
61,636466,5.09
62,648578,5.19
63,582368,4.66
64,687265,5.5
65,60663,0.49
