interval,tcp,mbit
0,0,0
1,0,0
2,0,0
3,0,0
4,180700,1.45
5,938600,7.51
6,671450,5.37
7,579800,4.64
8,522600,4.18
9,477100,3.82
10,469300,3.75
11,466700,3.73
12,543400,4.35
13,495120,3.96
14,483130,3.87
15,450980,3.61
16,451810,3.61
17,398510,3.19
18,409500,3.28
19,382200,3.06
20,396500,3.17
21,360100,2.88
22,343140,2.75
23,363410,2.91
24,338650,2.71
25,351000,2.81
26,382850,3.06
27,353600,2.83
28,733200,5.87
29,339300,2.71
30,419900,3.36
31,374400,3
32,368550,2.95
33,420550,3.36
34,366420,2.93
35,316730,2.53
36,353600,2.83
37,386750,3.09
38,387400,3.1
39,410150,3.28
40,352950,2.82
41,395200,3.16
42,362640,2.9
43,386810,3.09
44,362700,2.9
45,396500,3.17
46,377000,3.02
47,366600,2.93
48,361990,2.9
49,364060,2.91
50,367250,2.94
51,354900,2.84
52,388050,3.1
53,388700,3.11
54,414050,3.31
55,417300,3.34
56,380900,3.05
57,453050,3.62
58,341900,2.74
59,374930,3
60,348460,2.79
61,360040,2.88
62,376470,3.01
63,381550,3.05
64,407550,3.26
65,381490,3.05
66,371150,2.97
67,383500,3.07
68,390060,3.12
69,390000,3.12
70,367250,2.94
71,395200,3.16
72,351000,2.81
73,366540,2.93
74,365240,2.92
75,397920,3.18
76,372980,2.98
77,351770,2.81
78,391950,3.14
79,388050,3.1
80,382850,3.06
81,304850,2.44
82,302250,2.42
83,302250,2.42
84,339300,2.71
85,311940,2.5
86,295810,2.37
87,287300,2.3
88,278850,2.23
89,284050,2.27
90,300950,2.41
91,315840,2.53
92,304140,2.43
93,314720,2.52
94,320980,2.57
95,308870,2.47
96,303550,2.43
97,278850,2.23
98,314600,2.52
99,319150,2.55
100,314600,2.52
101,308040,2.46
102,301660,2.41
103,299000,2.39
104,279500,2.24
105,293150,2.35
106,300950,2.41
107,273000,2.18
108,280800,2.25
109,297050,2.38
110,310580,2.48
111,279620,2.24
112,308100,2.46
113,285350,2.28
114,273650,2.19
115,273000,2.18
116,265850,2.13
117,266500,2.13
118,336050,2.69
119,360100,2.88
120,363350,2.91
121,342550,2.74
122,315900,2.53
123,362050,2.9
124,347750,2.78
125,339300,2.71
126,386100,3.09
127,401700,3.21
128,385450,3.08
129,389290,3.11
130,402410,3.22
131,355490,2.84
132,379660,3.04
133,343850,2.75
134,382850,3.06
135,373750,2.99
136,373750,2.99
137,356850,2.85
138,395850,3.17
139,367900,2.94
140,366600,2.93
141,488800,3.91
142,367900,2.94
143,421200,3.37
144,403590,3.23
145,375110,3
146,380900,3.05
147,321690,2.57
148,349760,2.8
149,391240,3.13
150,400460,3.2
151,364000,2.91
152,369200,2.95
153,389350,3.11
154,340600,2.72
155,325650,2.61
156,348400,2.79
157,353600,2.83
158,391950,3.14
159,355490,2.84
160,377710,3.02
161,385450,3.08
162,367900,2.94
163,386100,3.09
164,369850,2.96
165,334100,2.67
166,332800,2.66
167,312650,2.5
168,325650,2.61
169,339300,2.71
170,392600,3.14
171,348400,2.79
172,396380,3.17
173,360220,2.88
174,368550,2.95
175,364590,2.92
176,408850,3.27
177,358210,2.87
178,378300,3.03
179,339300,2.71
180,402350,3.22
181,339950,2.72
182,352300,2.82
183,332800,2.66
184,342550,2.74
185,322400,2.58
186,400990,3.21
187,380960,3.05
188,373750,2.99
189,332090,2.66
190,347160,2.78
191,316550,2.53
192,367190,2.94
193,356910,2.86
194,401640,3.21
195,400460,3.2
196,349700,2.8
197,366600,2.93
198,325000,2.6
199,352950,2.82
200,343200,2.75
201,284640,2.28
202,328310,2.63
203,302900,2.42
204,296400,2.37
205,284700,2.28
206,267800,2.14
207,261300,2.09
208,257400,2.06
209,269750,2.16
210,293150,2.35
211,295750,2.37
212,289900,2.32
213,259350,2.07
214,272350,2.18
215,259940,2.08
216,392660,3.14
217,331500,2.65
218,385450,3.08
219,395200,3.16
220,366600,2.93
221,370500,2.96
222,367900,2.94
223,367900,2.94
224,388700,3.11
225,373750,2.99
226,330200,2.64
227,361280,2.89
228,362110,2.9
229,304260,2.43
230,325530,2.6
231,372570,2.98
232,357500,2.86
233,373040,2.98
234,334160,2.67
235,343140,2.75
236,281510,2.25
237,271050,2.17
238,277550,2.22
239,297700,2.38
240,340600,2.72
241,285350,2.28
242,261300,2.09
243,250900,2.01
244,256100,2.05
245,263250,2.11
246,288600,2.31
247,260000,2.08
248,292500,2.34
249,284050,2.27
250,257400,2.06
251,269100,2.15
252,347750,2.78
253,323700,2.59
254,386100,3.09
255,384800,3.08
256,339300,2.71
257,340600,2.72
258,287950,2.3
259,345800,2.77
260,377000,3.02
261,344380,2.76
262,356970,2.86
263,379600,3.04
264,397800,3.18
265,384150,3.07
266,369850,2.96
267,338650,2.71
268,316550,2.53
269,367190,2.94
270,379010,3.03
271,377650,3.02
272,384150,3.07
273,369850,2.96
274,340600,2.72
275,332150,2.66
276,312590,2.5
277,334810,2.68
278,310050,2.48
279,302250,2.42
280,311350,2.49
281,347100,2.78
282,343850,2.75
283,367250,2.94
284,345800,2.77
285,309400,2.48
286,352950,2.82
287,345800,2.77
288,269750,2.16
289,331500,2.65
290,355550,2.84
291,386750,3.09
292,338000,2.7
293,352950,2.82
294,356200,2.85
295,300950,2.41
296,305500,2.44
297,277550,2.22
298,274300,2.19
299,69430,0.56
